site YYMMMDD yyyy.yyyy __MJD week d reflon _e0(m) __east(m) ____n0(m) _north(m) u0(m) ____up(m) _ant(m) sig_e(m) sig_n(m) sig_u(m) __corr_en __corr_eu __corr_nu _latitude(deg) _longitude(deg) __height(m)
CHIT 03FEB25 2003.1513 52695 1207 2   91.8  -1080 -0.240163   2485326  0.166181   -26 -0.069860  0.0000 0.001282 0.001187 0.005919  0.034267  0.123751 -0.165193  22.4653128551 -268.2104957284   -26.06986
CHIT 03FEB26 2003.1540 52696 1207 3   91.8  -1080 -0.239745   2485326  0.166026   -26 -0.058332  0.0000 0.000970 0.000889 0.004174  0.074221  0.009012 -0.149680  22.4653128537 -268.2104957243   -26.05833
CHIT 03FEB27 2003.1567 52697 1207 4   91.8  -1080 -0.239575   2485326  0.165865   -26 -0.075674  0.0000 0.000967 0.000902 0.004071  0.036320 -0.000289 -0.127566  22.4653128522 -268.2104957227   -26.07567
CHIT 03FEB28 2003.1595 52698 1207 5   91.8  -1080 -0.240855   2485326  0.164385   -26 -0.058983  0.0000 0.000947 0.000856 0.003986  0.057679  0.017975 -0.128317  22.4653128389 -268.2104957351   -26.05898
CHIT 03MAR01 2003.1622 52699 1207 6   91.8  -1080 -0.237433   2485326  0.167685   -26 -0.066215  0.0000 0.000943 0.000855 0.004057  0.048172 -0.032835 -0.168113  22.4653128687 -268.2104957019   -26.06622
CHIT 03MAR02 2003.1650 52700 1208 0   91.8  -1080 -0.236777   2485326  0.164099   -26 -0.062623  0.0000 0.000967 0.000889 0.004204  0.053681 -0.053546 -0.117235  22.4653128363 -268.2104956955   -26.06262
CHIT 03MAR03 2003.1677 52701 1208 1   91.8  -1080 -0.237849   2485326  0.169214   -26 -0.069258  0.0000 0.000923 0.000848 0.003853  0.050448  0.034244 -0.116672  22.4653128825 -268.2104957059   -26.06926
CHIT 03MAR04 2003.1704 52702 1208 2   91.8  -1080 -0.238680   2485326  0.165977   -26 -0.069979  0.0000 0.000919 0.000877 0.003911  0.072165 -0.000652 -0.111074  22.4653128533 -268.2104957140   -26.06998
CHIT 03MAR05 2003.1732 52703 1208 3   91.8  -1080 -0.239662   2485326  0.167065   -26 -0.061911  0.0000 0.000923 0.000852 0.003875  0.089554 -0.021131 -0.136739  22.4653128631 -268.2104957235   -26.06191
CHIT 03MAR06 2003.1759 52704 1208 4   91.8  -1080 -0.240102   2485326  0.166759   -26 -0.064510  0.0000 0.000915 0.000827 0.003849  0.038153 -0.033351 -0.161689  22.4653128603 -268.2104957278   -26.06451
CHIT 03MAR07 2003.1786 52705 1208 5   91.8  -1080 -0.239855   2485326  0.166618   -26 -0.067365  0.0000 0.000934 0.000883 0.004006  0.042427 -0.000708 -0.186653  22.4653128590 -268.2104957254   -26.06737
CHIT 03MAR08 2003.1814 52706 1208 6   91.8  -1080 -0.238920   2485326  0.165285   -26 -0.069127  0.0000 0.000951 0.000880 0.003963  0.052098 -0.008083 -0.187437  22.4653128470 -268.2104957163   -26.06913
CHIT 03MAR09 2003.1841 52707 1209 0   91.8  -1080 -0.236472   2485326  0.168166   -26 -0.059517  0.0000 0.000983 0.000861 0.003978  0.084534 -0.095496 -0.118856  22.4653128730 -268.2104956925   -26.05952
CHIT 03MAR10 2003.1869 52708 1209 1   91.8  -1080 -0.237976   2485326  0.164478   -26 -0.069486  0.0000 0.001017 0.000900 0.004207  0.045999 -0.111839 -0.112439  22.4653128397 -268.2104957071   -26.06949
CHIT 03MAR11 2003.1896 52709 1209 2   91.8  -1080 -0.238796   2485326  0.169218   -26 -0.070220  0.0000 0.000907 0.000847 0.003752  0.057973 -0.008683 -0.116261  22.4653128825 -268.2104957151   -26.07022
CHIT 03MAR12 2003.1923 52710 1209 3   91.8  -1080 -0.237991   2485326  0.166715   -26 -0.065702  0.0000 0.001038 0.000918 0.004352  0.060474 -0.099706 -0.125977  22.4653128599 -268.2104957073   -26.06570
CHIT 03MAR13 2003.1951 52711 1209 4   91.8  -1080 -0.236792   2485326  0.165758   -26 -0.067323  0.0000 0.001001 0.000888 0.004177  0.122606 -0.010075 -0.154481  22.4653128513 -268.2104956956   -26.06732
CHIT 03MAR14 2003.1978 52712 1209 5   91.8  -1080 -0.237375   2485326  0.167670   -26 -0.072468  0.0000 0.001010 0.000893 0.004393  0.086979 -0.079991 -0.201135  22.4653128685 -268.2104957013   -26.07247
CHIT 03MAR15 2003.2005 52713 1209 6   91.8  -1080 -0.241442   2485326  0.163237   -26 -0.057603  0.0000 0.001023 0.000967 0.004484  0.118406 -0.016854 -0.124374  22.4653128285 -268.2104957408   -26.05760
CHIT 03MAR16 2003.2033 52714 1210 0   91.8  -1080 -0.238989   2485326  0.164649   -26 -0.062230  0.0000 0.000975 0.000915 0.004273  0.049235 -0.009863 -0.143069  22.4653128413 -268.2104957170   -26.06223
CHIT 03MAR17 2003.2060 52715 1210 1   91.8  -1080 -0.241802   2485326  0.167589   -26 -0.060417  0.0000 0.000950 0.000860 0.003983  0.077965 -0.021029 -0.146538  22.4653128678 -268.2104957443   -26.06042
CHIT 03MAR18 2003.2088 52716 1210 2   91.8  -1080 -0.239556   2485326  0.166815   -26 -0.071939  0.0000 0.000967 0.000866 0.004067  0.071766  0.015452 -0.160176  22.4653128608 -268.2104957225   -26.07194
CHIT 03MAR19 2003.2115 52717 1210 3   91.8  -1080 -0.238210   2485326  0.168102   -26 -0.065571  0.0000 0.000964 0.000856 0.003911  0.135726 -0.037949 -0.156265  22.4653128724 -268.2104957094   -26.06557
CHIT 03MAR20 2003.2142 52718 1210 4   91.8  -1080 -0.240273   2485326  0.168224   -26 -0.068393  0.0000 0.000916 0.000877 0.004025  0.052440 -0.025247 -0.138932  22.4653128735 -268.2104957295   -26.06839
CHIT 03MAR21 2003.2170 52719 1210 5   91.8  -1080 -0.237692   2485326  0.166513   -26 -0.071459  0.0000 0.000968 0.000882 0.004167  0.087950 -0.071007 -0.116038  22.4653128581 -268.2104957044   -26.07146
CHIT 03MAR22 2003.2197 52720 1210 6   91.8  -1080 -0.242073   2485326  0.167865   -26 -0.066998  0.0000 0.000972 0.000865 0.004052  0.071373 -0.058900 -0.129221  22.4653128703 -268.2104957469   -26.06700
CHIT 03MAR23 2003.2225 52721 1211 0   91.8  -1080 -0.239687   2485326  0.167728   -26 -0.060960  0.0000 0.000950 0.000876 0.003939  0.110404 -0.026505 -0.119107  22.4653128691 -268.2104957238   -26.06096
CHIT 03MAR24 2003.2252 52722 1211 1   91.8  -1080 -0.238762   2485326  0.165960   -26 -0.061610  0.0000 0.000943 0.000871 0.004028  0.062875 -0.038575 -0.115496  22.4653128531 -268.2104957148   -26.06161
CHIT 03MAR25 2003.2279 52723 1211 2   91.8  -1080 -0.237719   2485326  0.166162   -26 -0.075971  0.0000 0.000978 0.000888 0.004234  0.062521 -0.079523 -0.114498  22.4653128549 -268.2104957046   -26.07597
CHIT 03MAR26 2003.2307 52724 1211 3   91.8  -1080 -0.239286   2485326  0.167718   -26 -0.071179  0.0000 0.000954 0.000847 0.003992  0.071842 -0.045542 -0.129932  22.4653128690 -268.2104957199   -26.07118
CHIT 03MAR27 2003.2334 52725 1211 4   91.8  -1080 -0.240264   2485326  0.170818   -26 -0.060072  0.0000 0.001014 0.000910 0.004383  0.077369 -0.084858 -0.099553  22.4653128970 -268.2104957294   -26.06007
CHIT 03MAR28 2003.2361 52726 1211 5   91.8  -1080 -0.239356   2485326  0.169900   -26 -0.058157  0.0000 0.000991 0.000889 0.004246  0.090117 -0.115318 -0.144208  22.4653128887 -268.2104957205   -26.05816
CHIT 03MAR29 2003.2389 52727 1211 6   91.8  -1080 -0.237270   2485326  0.166551   -26 -0.054782  0.0000 0.000984 0.000883 0.004131  0.087088 -0.084468 -0.123791  22.4653128584 -268.2104957003   -26.05478
CHIT 03MAR30 2003.2416 52728 1212 0   91.8  -1080 -0.238470   2485326  0.166300   -26 -0.063362  0.0000 0.001018 0.000920 0.004449  0.034037 -0.028222 -0.184673  22.4653128562 -268.2104957119   -26.06336
CHIT 03MAR31 2003.2444 52729 1212 1   91.8  -1080 -0.236915   2485326  0.166476   -26 -0.071399  0.0000 0.001044 0.000973 0.004535  0.079228 -0.015831 -0.090492  22.4653128578 -268.2104956968   -26.07140
CHIT 03APR01 2003.2471 52730 1212 2   91.8  -1080 -0.235835   2485326  0.166723   -26 -0.070233  0.0000 0.000985 0.000902 0.004169  0.077055 -0.024861 -0.069344  22.4653128600 -268.2104956863   -26.07023
CHIT 03APR02 2003.2498 52731 1212 3   91.8  -1080 -0.240976   2485326  0.165395   -26 -0.071971  0.0000 0.000965 0.000862 0.003948  0.068266 -0.017803 -0.114799  22.4653128480 -268.2104957363   -26.07197
CHIT 03APR03 2003.2526 52732 1212 4   91.8  -1080 -0.236036   2485326  0.166717   -26 -0.070590  0.0000 0.000965 0.000871 0.004089  0.085283 -0.047083 -0.143747  22.4653128599 -268.2104956883   -26.07059
CHIT 03APR04 2003.2553 52733 1212 5   91.8  -1080 -0.235515   2485326  0.164254   -26 -0.062724  0.0000 0.001029 0.000916 0.004343  0.102884 -0.105852 -0.106097  22.4653128377 -268.2104956832   -26.06272
CHIT 03APR05 2003.2580 52734 1212 6   91.8  -1080 -0.237184   2485326  0.167492   -26 -0.065567  0.0000 0.001000 0.000862 0.004159  0.080426 -0.122158 -0.151245  22.4653128669 -268.2104956994   -26.06557
CHIT 03APR06 2003.2608 52735 1213 0   91.8  -1080 -0.238043   2485326  0.168038   -26 -0.065852  0.0000 0.000994 0.000897 0.004077  0.110246 -0.114261 -0.101201  22.4653128719 -268.2104957078   -26.06585
CHIT 03APR07 2003.2635 52736 1213 1   91.8  -1080 -0.235121   2485326  0.166994   -26 -0.064673  0.0000 0.001024 0.000873 0.004180  0.114887 -0.115931 -0.113057  22.4653128624 -268.2104956794   -26.06467
CHIT 03APR08 2003.2663 52737 1213 2   91.8  -1080 -0.234418   2485326  0.168792   -26 -0.071056  0.0000 0.000969 0.000869 0.004106  0.082781 -0.009735 -0.153160  22.4653128787 -268.2104956726   -26.07106
CHIT 03APR09 2003.2690 52738 1213 3   91.8  -1080 -0.234307   2485326  0.166546   -26 -0.056525  0.0000 0.000995 0.000869 0.004136  0.051344 -0.041522 -0.133511  22.4653128584 -268.2104956715   -26.05653
CHIT 03APR10 2003.2717 52739 1213 4   91.8  -1080 -0.236337   2485326  0.167295   -26 -0.060177  0.0000 0.000946 0.000837 0.003771  0.079898 -0.045283 -0.134869  22.4653128652 -268.2104956912   -26.06018
CHIT 03APR11 2003.2745 52740 1213 5   91.8  -1080 -0.234100   2485326  0.167880   -26 -0.067676  0.0000 0.000963 0.000829 0.003840  0.059725 -0.002720 -0.159260  22.4653128704 -268.2104956695   -26.06768
CHIT 03APR12 2003.2772 52741 1213 6   91.8  -1080 -0.231840   2485326  0.168116   -26 -0.069229  0.0000 0.001007 0.000884 0.004118  0.088178 -0.103830 -0.003884  22.4653128726 -268.2104956475   -26.06923
CHIT 03APR13 2003.2799 52742 1214 0   91.8  -1080 -0.235844   2485326  0.166150   -26 -0.060699  0.0000 0.000995 0.000846 0.003950  0.124544 -0.021073 -0.142547  22.4653128548 -268.2104956864   -26.06070
CHIT 03APR14 2003.2827 52743 1214 1   91.8  -1080 -0.233278   2485326  0.168070   -26 -0.060582  0.0000 0.001042 0.000903 0.004386  0.083174 -0.116908 -0.193664  22.4653128722 -268.2104956615   -26.06058
CHIT 03APR15 2003.2854 52744 1214 2   91.8  -1080 -0.232655   2485326  0.169190   -26 -0.065163  0.0000 0.001002 0.000856 0.004136  0.092262 -0.096956 -0.134398  22.4653128823 -268.2104956554   -26.06516
CHIT 03APR16 2003.2882 52745 1214 3   91.8  -1080 -0.232982   2485326  0.170140   -26 -0.065244  0.0000 0.001047 0.000856 0.004143  0.137289 -0.067417 -0.148807  22.4653128909 -268.2104956586   -26.06524
CHIT 03APR17 2003.2909 52746 1214 4   91.8  -1080 -0.237406   2485326  0.170850   -26 -0.069048  0.0000 0.001034 0.000856 0.004068  0.078839 -0.055017 -0.059143  22.4653128973 -268.2104957016   -26.06905
CHIT 03APR18 2003.2936 52747 1214 5   91.8  -1080 -0.235057   2485326  0.170216   -26 -0.058857  0.0000 0.001021 0.000864 0.004121  0.100456 -0.042100 -0.141729  22.4653128915 -268.2104956788   -26.05886
CHIT 03DEC04 2003.9233 52977 1247 4   91.8  -1080 -0.209857   2485326  0.187507   -26 -0.079532  0.0000 0.001062 0.000949 0.004511  0.081623 -0.060921 -0.171279  22.4653130477 -268.2104954339   -26.07953
CHIT 03DEC05 2003.9261 52978 1247 5   91.8  -1080 -0.209743   2485326  0.187716   -26 -0.083982  0.0000 0.000979 0.000844 0.003964  0.085026 -0.058626 -0.141991  22.4653130496 -268.2104954328   -26.08398
CHIT 03DEC06 2003.9288 52979 1247 6   91.8  -1080 -0.208513   2485326  0.191354   -26 -0.080318  0.0000 0.000980 0.000820 0.003788  0.133639 -0.075243 -0.155823  22.4653130824 -268.2104954209   -26.08032
CHIT 03DEC07 2003.9316 52980 1248 0   91.8  -1080 -0.210247   2485326  0.189311   -26 -0.078014  0.0000 0.000955 0.000828 0.003888  0.088009 -0.007071 -0.179513  22.4653130640 -268.2104954377   -26.07801
CHIT 03DEC08 2003.9343 52981 1248 1   91.8  -1080 -0.209340   2485326  0.191207   -26 -0.079566  0.0000 0.000968 0.000835 0.003903  0.091177 -0.064545 -0.180174  22.4653130811 -268.2104954289   -26.07957
CHIT 03DEC09 2003.9370 52982 1248 2   91.8  -1080 -0.206690   2485326  0.189097   -26 -0.075911  0.0000 0.000936 0.000821 0.003802  0.092654 -0.044741 -0.158231  22.4653130620 -268.2104954032   -26.07591
CHIT 03DEC10 2003.9398 52983 1248 3   91.8  -1080 -0.208386   2485326  0.189093   -26 -0.079176  0.0000 0.000980 0.000825 0.003906  0.118518 -0.077268 -0.189878  22.4653130620 -268.2104954197   -26.07918
CHIT 03DEC11 2003.9425 52984 1248 4   91.8  -1080 -0.208655   2485326  0.191783   -26 -0.079344  0.0000 0.000934 0.000803 0.003757  0.067101 -0.013555 -0.164127  22.4653130863 -268.2104954223   -26.07934
CHIT 03DEC12 2003.9452 52985 1248 5   91.8  -1080 -0.206914   2485326  0.190266   -26 -0.084045  0.0000 0.000975 0.000822 0.003898  0.114121 -0.027819 -0.160999  22.4653130726 -268.2104954054   -26.08404
CHIT 03DEC13 2003.9480 52986 1248 6   91.8  -1080 -0.208583   2485326  0.189993   -26 -0.078686  0.0000 0.000935 0.000795 0.003709  0.070806 -0.052382 -0.139947  22.4653130701 -268.2104954216   -26.07869
CHIT 03DEC14 2003.9507 52987 1249 0   91.8  -1080 -0.208017   2485326  0.188859   -26 -0.077517  0.0000 0.000927 0.000807 0.003714  0.074962 -0.023589 -0.167316  22.4653130599 -268.2104954161   -26.07752
CHIT 03DEC15 2003.9535 52988 1249 1   91.8  -1080 -0.208002   2485326  0.190831   -26 -0.075009  0.0000 0.000972 0.000820 0.003863  0.108548 -0.053188 -0.184975  22.4653130777 -268.2104954159   -26.07501
CHIT 03DEC16 2003.9562 52989 1249 2   91.8  -1080 -0.205382   2485326  0.189664   -26 -0.072760  0.0000 0.001024 0.000853 0.003990  0.126633 -0.064629 -0.149538  22.4653130672 -268.2104953905   -26.07276
CHIT 03DEC17 2003.9589 52990 1249 3   91.8  -1080 -0.209846   2485326  0.187333   -26 -0.066194  0.0000 0.001018 0.000847 0.003988  0.121509 -0.063759 -0.161621  22.4653130461 -268.2104954338   -26.06619
CHIT 03DEC18 2003.9617 52991 1249 4   91.8  -1080 -0.206887   2485326  0.188315   -26 -0.066328  0.0000 0.001005 0.000848 0.003960  0.140252 -0.033855 -0.177214  22.4653130550 -268.2104954051   -26.06633
CHIT 03DEC19 2003.9644 52992 1249 5   91.8  -1080 -0.206565   2485326  0.190880   -26 -0.086504  0.0000 0.001103 0.000966 0.004641  0.136670 -0.112503 -0.110019  22.4653130781 -268.2104954020   -26.08650
CHIT 03DEC20 2003.9671 52993 1249 6   91.8  -1080 -0.207121   2485326  0.190162   -26 -0.093765  0.0000 0.001018 0.000848 0.004087  0.152096 -0.130963 -0.161448  22.4653130717 -268.2104954074   -26.09377
CHIT 03DEC21 2003.9699 52994 1250 0   91.8  -1080 -0.208476   2485326  0.189667   -26 -0.089441  0.0000 0.000980 0.000849 0.003958  0.137665 -0.011612 -0.175983  22.4653130672 -268.2104954205   -26.08944
CHIT 03DEC22 2003.9726 52995 1250 1   91.8  -1080 -0.208162   2485326  0.188353   -26 -0.071529  0.0000 0.000984 0.000830 0.004025  0.100378 -0.090776 -0.195559  22.4653130553 -268.2104954175   -26.07153
CHIT 03DEC23 2003.9754 52996 1250 2   91.8  -1080 -0.207587   2485326  0.190655   -26 -0.079546  0.0000 0.000986 0.000840 0.004127  0.075516  0.002491 -0.231514  22.4653130761 -268.2104954119   -26.07955
CHIT 03DEC24 2003.9781 52997 1250 3   91.8  -1080 -0.209310   2485326  0.190353   -26 -0.083942  0.0000 0.000963 0.000825 0.003836  0.123491 -0.040240 -0.165175  22.4653130734 -268.2104954286   -26.08394
CHIT 03DEC25 2003.9808 52998 1250 4   91.8  -1080 -0.208638   2485326  0.190061   -26 -0.076885  0.0000 0.000967 0.000843 0.003901  0.121506 -0.071131 -0.116442  22.4653130707 -268.2104954221   -26.07688
CHIT 03DEC26 2003.9836 52999 1250 5   91.8  -1080 -0.207415   2485326  0.192768   -26 -0.075722  0.0000 0.000988 0.000824 0.004043  0.095815 -0.126294 -0.185032  22.4653130952 -268.2104954102   -26.07572
CHIT 03DEC27 2003.9863 53000 1250 6   91.8  -1080 -0.207077   2485326  0.190457   -26 -0.076730  0.0000 0.000989 0.000830 0.003996  0.119329 -0.088587 -0.190125  22.4653130743 -268.2104954069   -26.07673
CHIT 03DEC28 2003.9890 53001 1251 0   91.8  -1080 -0.208736   2485326  0.189768   -26 -0.083211  0.0000 0.001001 0.000831 0.004071  0.061860 -0.094070 -0.174393  22.4653130681 -268.2104954231   -26.08321
CHIT 03DEC29 2003.9918 53002 1251 1   91.8  -1080 -0.206587   2485326  0.190327   -26 -0.080734  0.0000 0.000956 0.000826 0.003867  0.115043 -0.094984 -0.171470  22.4653130731 -268.2104954022   -26.08073
CHIT 03DEC30 2003.9945 53003 1251 2   91.8  -1080 -0.206418   2485326  0.189639   -26 -0.078444  0.0000 0.000950 0.000840 0.003924  0.069445 -0.034530 -0.162014  22.4653130669 -268.2104954005   -26.07844
CHIT 03DEC31 2003.9973 53004 1251 3   91.8  -1080 -0.205973   2485326  0.188806   -26 -0.074698  0.0000 0.000966 0.000838 0.004007  0.076766 -0.122542 -0.175759  22.4653130594 -268.2104953962   -26.07470
CHIT 04JAN01 2004.0000 53005 1251 4   91.8  -1080 -0.206007   2485326  0.189160   -26 -0.077652  0.0000 0.001028 0.000903 0.004259  0.113212 -0.071454 -0.201072  22.4653130626 -268.2104953965   -26.07765
CHIT 04APR21 2004.3039 53116 1267 3   91.8  -1080 -0.192308   2485326  0.200400   -26 -0.078160  0.0000 0.000993 0.000864 0.004122  0.073621 -0.084306 -0.158031  22.4653131641 -268.2104952635   -26.07816
CHIT 04APR22 2004.3066 53117 1267 4   91.8  -1080 -0.192533   2485326  0.203479   -26 -0.073989  0.0000 0.000976 0.000854 0.004053  0.069923 -0.002402 -0.130309  22.4653131919 -268.2104952656   -26.07399
CHIT 04APR23 2004.3094 53118 1267 5   91.8  -1080 -0.194668   2485326  0.201214   -26 -0.063813  0.0000 0.001111 0.000974 0.004976  0.063265 -0.044221 -0.159524  22.4653131715 -268.2104952864   -26.06381
CHIT 04MAY15 2004.3696 53140 1270 6   91.8  -1080 -0.195237   2485326  0.204294   -26 -0.058878  0.0000 0.001029 0.000891 0.004394  0.063434 -0.084051 -0.162808  22.4653131993 -268.2104952919   -26.05888
CHIT 04MAY16 2004.3723 53141 1271 0   91.8  -1080 -0.192429   2485326  0.202927   -26 -0.067926  0.0000 0.001011 0.000906 0.004428  0.044544 -0.154947 -0.100015  22.4653131869 -268.2104952646   -26.06793
CHIT 04MAY17 2004.3751 53142 1271 1   91.8  -1080 -0.193829   2485326  0.205205   -26 -0.071139  0.0000 0.000994 0.000868 0.004235  0.062751 -0.097277 -0.172206  22.4653132075 -268.2104952782   -26.07114
CHIT 04MAY18 2004.3778 53143 1271 2   91.8  -1080 -0.193708   2485326  0.202415   -26 -0.069729  0.0000 0.000928 0.000836 0.003902  0.037033 -0.028387 -0.165855  22.4653131823 -268.2104952770   -26.06973
CHIT 04MAY19 2004.3806 53144 1271 3   91.8  -1080 -0.194782   2485326  0.205258   -26 -0.065216  0.0000 0.001030 0.000890 0.004248  0.109702 -0.067272 -0.113927  22.4653132080 -268.2104952875   -26.06522
CHIT 04MAY20 2004.3833 53145 1271 4   91.8  -1080 -0.191152   2485326  0.204163   -26 -0.072851  0.0000 0.001044 0.000919 0.004567  0.107956 -0.146708 -0.165762  22.4653131981 -268.2104952522   -26.07285
CHIT 04MAY21 2004.3860 53146 1271 5   91.8  -1080 -0.190840   2485326  0.202796   -26 -0.049382  0.0000 0.001072 0.000957 0.004859  0.112468 -0.017948 -0.245885  22.4653131857 -268.2104952492   -26.04938
CHIT 04MAY22 2004.3888 53147 1271 6   91.8  -1080 -0.191207   2485326  0.202565   -26 -0.064989  0.0000 0.000954 0.000841 0.003932  0.056127 -0.015127 -0.148551  22.4653131837 -268.2104952528   -26.06499
CHIT 04MAY23 2004.3915 53148 1272 0   91.8  -1080 -0.190748   2485326  0.202611   -26 -0.061765  0.0000 0.000965 0.000885 0.003995  0.069107 -0.044686 -0.106899  22.4653131841 -268.2104952483   -26.06177
CHIT 04MAY24 2004.3943 53149 1272 1   91.8  -1080 -0.192336   2485326  0.204117   -26 -0.070244  0.0000 0.001023 0.000880 0.004188  0.128870 -0.110297 -0.154976  22.4653131977 -268.2104952637   -26.07024
CHIT 04MAY25 2004.3970 53150 1272 2   91.8  -1080 -0.190192   2485326  0.204945   -26 -0.065189  0.0000 0.000957 0.000861 0.003974  0.044975 -0.023740 -0.130594  22.4653132052 -268.2104952429   -26.06519
CHIT 04MAY26 2004.3997 53151 1272 3   91.8  -1080 -0.190484   2485326  0.207629   -26 -0.076539  0.0000 0.000966 0.000855 0.003997  0.095057 -0.070857 -0.137047  22.4653132294 -268.2104952457   -26.07654
CHIT 04MAY27 2004.4025 53152 1272 4   91.8  -1080 -0.189650   2485326  0.206507   -26 -0.079152  0.0000 0.001026 0.000881 0.004208  0.092023 -0.071228 -0.181502  22.4653132193 -268.2104952376   -26.07915
CHIT 04MAY28 2004.4052 53153 1272 5   91.8  -1080 -0.194840   2485326  0.205787   -26 -0.080407  0.0000 0.001064 0.000921 0.004453  0.046674  0.031499 -0.120881  22.4653132128 -268.2104952880   -26.08041
CHIT 04MAY29 2004.4079 53154 1272 6   91.8  -1080 -0.190062   2485326  0.203895   -26 -0.068206  0.0000 0.001030 0.000877 0.004404  0.080459 -0.063023 -0.231420  22.4653131957 -268.2104952416   -26.06821
CHIT 04MAY30 2004.4107 53155 1273 0   91.8  -1080 -0.190563   2485326  0.205536   -26 -0.071059  0.0000 0.000962 0.000851 0.004055  0.067297  0.001971 -0.156195  22.4653132105 -268.2104952465   -26.07106
CHIT 04MAY31 2004.4134 53156 1273 1   91.8  -1080 -0.192500   2485326  0.206049   -26 -0.077420  0.0000 0.000966 0.000847 0.003978  0.049022  0.017838 -0.179790  22.4653132151 -268.2104952653   -26.07742
CHIT 04JUN01 2004.4162 53157 1273 2   91.8  -1080 -0.191255   2485326  0.205294   -26 -0.068534  0.0000 0.000979 0.000877 0.004191  0.090421 -0.092093 -0.128423  22.4653132083 -268.2104952532   -26.06853
CHIT 04JUN02 2004.4189 53158 1273 3   91.8  -1080 -0.192062   2485326  0.205730   -26 -0.070618  0.0000 0.000965 0.000843 0.004056  0.062004 -0.017400 -0.217932  22.4653132122 -268.2104952611   -26.07062
CHIT 04JUN03 2004.4216 53159 1273 4   91.8  -1080 -0.190043   2485326  0.205768   -26 -0.065713  0.0000 0.001058 0.000944 0.004713  0.002979  0.018173 -0.212222  22.4653132126 -268.2104952414   -26.06571
CHIT 04JUN04 2004.4244 53160 1273 5   91.8  -1080 -0.190662   2485326  0.205617   -26 -0.068228  0.0000 0.000980 0.000836 0.003938  0.049724 -0.017222 -0.180102  22.4653132112 -268.2104952475   -26.06823
CHIT 04JUN05 2004.4271 53161 1273 6   91.8  -1080 -0.191850   2485326  0.205520   -26 -0.076079  0.0000 0.000986 0.000839 0.003981  0.048954 -0.034735 -0.137828  22.4653132103 -268.2104952590   -26.07608
CHIT 04JUN06 2004.4298 53162 1274 0   91.8  -1080 -0.190053   2485326  0.207756   -26 -0.082834  0.0000 0.001004 0.000886 0.004246  0.063423 -0.011296 -0.172492  22.4653132305 -268.2104952415   -26.08283
CHIT 04JUN07 2004.4326 53163 1274 1   91.8  -1080 -0.190417   2485326  0.207606   -26 -0.080007  0.0000 0.001001 0.000865 0.004088  0.063858 -0.027590 -0.152567  22.4653132292 -268.2104952451   -26.08001
CHIT 04JUN08 2004.4353 53164 1274 2   91.8  -1080 -0.190996   2485326  0.208441   -26 -0.071172  0.0000 0.001010 0.000858 0.004227  0.060957 -0.098432 -0.172599  22.4653132367 -268.2104952507   -26.07117
CHIT 04JUN09 2004.4381 53165 1274 3   91.8  -1080 -0.186017   2485326  0.208966   -26 -0.068346  0.0000 0.000977 0.000847 0.004011  0.095923 -0.079374 -0.152661  22.4653132415 -268.2104952023   -26.06835
CHIT 04JUN10 2004.4408 53166 1274 4   91.8  -1080 -0.186809   2485326  0.207928   -26 -0.059578  0.0000 0.000977 0.000860 0.004124  0.053098  0.014901 -0.185682  22.4653132321 -268.2104952100   -26.05958
CHIT 04JUN11 2004.4435 53167 1274 5   91.8  -1080 -0.190887   2485326  0.208241   -26 -0.062078  0.0000 0.000997 0.000875 0.004262  0.065022  0.013263 -0.164026  22.4653132349 -268.2104952496   -26.06208
CHIT 04JUN12 2004.4463 53168 1274 6   91.8  -1080 -0.189669   2485326  0.209622   -26 -0.080452  0.0000 0.000996 0.000881 0.004198  0.100461 -0.044987 -0.129463  22.4653132474 -268.2104952378   -26.08045
CHIT 04JUN13 2004.4490 53169 1275 0   91.8  -1080 -0.189363   2485326  0.208046   -26 -0.078639  0.0000 0.000975 0.000846 0.004005  0.105125 -0.061546 -0.164156  22.4653132332 -268.2104952348   -26.07864
CHIT 04JUN14 2004.4517 53170 1275 1   91.8  -1080 -0.190998   2485326  0.206362   -26 -0.068591  0.0000 0.000999 0.000884 0.004114  0.068687 -0.069052 -0.117536  22.4653132180 -268.2104952507   -26.06859
CHIT 04JUN15 2004.4545 53171 1275 2   91.8  -1080 -0.189452   2485326  0.207287   -26 -0.080308  0.0000 0.000948 0.000845 0.003985  0.084368  0.044244 -0.160119  22.4653132263 -268.2104952357   -26.08031
CHIT 04JUN16 2004.4572 53172 1275 3   91.8  -1080 -0.187800   2485326  0.207088   -26 -0.071084  0.0000 0.000998 0.000858 0.004150  0.098558 -0.038133 -0.155016  22.4653132245 -268.2104952197   -26.07108
CHIT 04JUN17 2004.4600 53173 1275 4   91.8  -1080 -0.184922   2485326  0.207196   -26 -0.062505  0.0000 0.001011 0.000897 0.004273  0.081685 -0.016824 -0.155130  22.4653132255 -268.2104951917   -26.06251
CHIT 04JUN18 2004.4627 53174 1275 5   91.8  -1080 -0.186845   2485326  0.206053   -26 -0.070450  0.0000 0.001005 0.000868 0.004123  0.147635 -0.103667 -0.133881  22.4653132152 -268.2104952104   -26.07045
CHIT 04JUN19 2004.4654 53175 1275 6   91.8  -1080 -0.189023   2485326  0.207191   -26 -0.061699  0.0000 0.000965 0.000863 0.004047  0.073004 -0.023495 -0.101122  22.4653132254 -268.2104952315   -26.06170
CHIT 04JUN20 2004.4682 53176 1276 0   91.8  -1080 -0.186403   2485326  0.200993   -26 -0.060598  0.0000 0.001037 0.000903 0.004387  0.105474 -0.102418 -0.143122  22.4653131695 -268.2104952061   -26.06060
CHIT 04JUN21 2004.4709 53177 1276 1   91.8  -1080 -0.189285   2485326  0.210767   -26 -0.074517  0.0000 0.000974 0.000896 0.004236  0.093652 -0.037798 -0.221884  22.4653132577 -268.2104952341   -26.07452
CHIT 04JUN22 2004.4736 53178 1276 2   91.8  -1080 -0.188646   2485326  0.207392   -26 -0.079272  0.0000 0.000974 0.000861 0.004105  0.073146 -0.022381 -0.140311  22.4653132273 -268.2104952279   -26.07927
CHIT 04JUN23 2004.4764 53179 1276 3   91.8  -1080 -0.186364   2485326  0.207377   -26 -0.068260  0.0000 0.000987 0.000901 0.004268  0.077184  0.026204 -0.189854  22.4653132271 -268.2104952057   -26.06826
CHIT 04JUN24 2004.4791 53180 1276 4   91.8  -1080 -0.187042   2485326  0.209022   -26 -0.076245  0.0000 0.001022 0.000888 0.004213  0.091194 -0.012644 -0.157054  22.4653132420 -268.2104952123   -26.07624
CHIT 04JUN25 2004.4819 53181 1276 5   91.8  -1080 -0.188183   2485326  0.207949   -26 -0.080656  0.0000 0.001062 0.000893 0.004261  0.094816  0.019303 -0.175628  22.4653132323 -268.2104952234   -26.08066
CHIT 04JUN26 2004.4846 53182 1276 6   91.8  -1080 -0.188614   2485326  0.209566   -26 -0.069338  0.0000 0.000982 0.000894 0.004238  0.098362 -0.011494 -0.159083  22.4653132469 -268.2104952276   -26.06934
CHIT 04JUN27 2004.4873 53183 1277 0   91.8  -1080 -0.189492   2485326  0.209579   -26 -0.085919  0.0000 0.000940 0.000856 0.003994  0.100819 -0.018465 -0.154907  22.4653132470 -268.2104952361   -26.08592
CHIT 04JUN28 2004.4901 53184 1277 1   91.8  -1080 -0.188447   2485326  0.208767   -26 -0.064794  0.0000 0.000981 0.000873 0.004113  0.099626 -0.051566 -0.066977  22.4653132397 -268.2104952259   -26.06479
CHIT 04JUN29 2004.4928 53185 1277 2   91.8  -1080 -0.185849   2485326  0.207267   -26 -0.077028  0.0000 0.000961 0.000871 0.004141  0.078675 -0.040988 -0.126484  22.4653132261 -268.2104952007   -26.07703
CHIT 04JUN30 2004.4956 53186 1277 3   91.8  -1080 -0.185626   2485326  0.208442   -26 -0.069375  0.0000 0.000957 0.000853 0.004014  0.068750 -0.001218 -0.098328  22.4653132367 -268.2104951985   -26.06938
CHIT 04JUL01 2004.4983 53187 1277 4   91.8  -1080 -0.185070   2485326  0.213966   -26 -0.076651  0.0000 0.000987 0.000885 0.004159  0.087664 -0.006605 -0.086257  22.4653132866 -268.2104951931   -26.07665
CHIT 04JUL02 2004.5010 53188 1277 5   91.8  -1080 -0.184075   2485326  0.208524   -26 -0.069389  0.0000 0.001023 0.000913 0.004395  0.098948 -0.094720 -0.065775  22.4653132375 -268.2104951835   -26.06939
CHIT 04JUL03 2004.5038 53189 1277 6   91.8  -1080 -0.185861   2485326  0.205631   -26 -0.071516  0.0000 0.000953 0.000854 0.004031  0.058947 -0.032150 -0.125631  22.4653132114 -268.2104952008   -26.07152
CHIT 04JUL04 2004.5065 53190 1278 0   91.8  -1080 -0.185943   2485326  0.207420   -26 -0.072843  0.0000 0.000990 0.000873 0.004192  0.066082 -0.041584 -0.096662  22.4653132275 -268.2104952016   -26.07284
CHIT 04JUL05 2004.5092 53191 1278 1   91.8  -1080 -0.184058   2485326  0.209853   -26 -0.079141  0.0000 0.001031 0.000884 0.004429  0.031553  0.016411 -0.184831  22.4653132495 -268.2104951833   -26.07914
CHIT 04JUL06 2004.5120 53192 1278 2   91.8  -1080 -0.184276   2485326  0.209197   -26 -0.073766  0.0000 0.001030 0.000909 0.004353  0.057090  0.032079 -0.076371  22.4653132436 -268.2104951854   -26.07377
CHIT 04JUL07 2004.5147 53193 1278 3   91.8  -1080 -0.183558   2485326  0.211168   -26 -0.051399  0.0000 0.000982 0.000878 0.004027  0.121936 -0.026456 -0.113289  22.4653132614 -268.2104951784   -26.05140
CHIT 04JUL08 2004.5175 53194 1278 4   91.8  -1080 -0.184964   2485326  0.209329   -26 -0.092140  0.0000 0.001032 0.000924 0.004569  0.069815  0.008010 -0.132136  22.4653132447 -268.2104951921   -26.09214
CHIT 04JUL09 2004.5202 53195 1278 5   91.8  -1080 -0.186346   2485326  0.207347   -26 -0.078656  0.0000 0.000980 0.000889 0.004350  0.088556  0.012569 -0.173052  22.4653132268 -268.2104952055   -26.07866
CHIT 04JUL10 2004.5229 53196 1278 6   91.8  -1080 -0.184501   2485326  0.207584   -26 -0.071740  0.0000 0.001111 0.001015 0.004541  0.127081 -0.023113 -0.131984  22.4653132290 -268.2104951876   -26.07174
CHIT 05MAY08 2005.3498 53498 1322 0   91.8  -1080 -0.151180   2485326  0.233675   -26 -0.047112  0.0000 0.001070 0.000947 0.004843  0.167627 -0.129283 -0.145429  22.4653134646 -268.2104948639   -26.04711
CHIT 05MAY09 2005.3525 53499 1322 1   91.8  -1080 -0.154605   2485326  0.231488   -26 -0.047734  0.0000 0.001037 0.000907 0.004484  0.065620 -0.155723 -0.092325  22.4653134449 -268.2104948971   -26.04773
CHIT 05MAY10 2005.3552 53500 1322 2   91.8  -1080 -0.152879   2485326  0.236380   -26 -0.051616  0.0000 0.001058 0.000960 0.004809  0.096641 -0.086587 -0.173233  22.4653134890 -268.2104948804   -26.05162
CHIT 05MAY11 2005.3580 53501 1322 3   91.8  -1080 -0.149058   2485326  0.235858   -26 -0.065815  0.0000 0.001005 0.000889 0.004275  0.121142 -0.096888 -0.135614  22.4653134843 -268.2104948432   -26.06581
CHIT 05MAY12 2005.3607 53502 1322 4   91.8  -1080 -0.148616   2485326  0.233367   -26 -0.055677  0.0000 0.001032 0.000891 0.004434  0.132700 -0.134415 -0.179185  22.4653134618 -268.2104948390   -26.05568
CHIT 05MAY13 2005.3634 53503 1322 5   91.8  -1080 -0.150761   2485326  0.232175   -26 -0.047547  0.0000 0.001100 0.000998 0.004869  0.156098 -0.040187 -0.189323  22.4653134511 -268.2104948598   -26.04755
CHIT 05DEC26 2005.9849 53730 1355 1   91.8  -1080 -0.123189   2485326  0.254326   -26 -0.071687  0.0000 0.001045 0.000958 0.004713  0.151200 -0.075140 -0.218886  22.4653136511 -268.2104945919   -26.07169
CHIT 05DEC27 2005.9877 53731 1355 2   91.8  -1080 -0.122524   2485326  0.255216   -26 -0.080065  0.0000 0.000941 0.000846 0.004217  0.151945 -0.087584 -0.235080  22.4653136591 -268.2104945855   -26.08007
CHIT 05DEC28 2005.9904 53732 1355 3   91.8  -1080 -0.123423   2485326  0.256076   -26 -0.083245  0.0000 0.000935 0.000847 0.004135  0.179164 -0.084131 -0.205487  22.4653136669 -268.2104945942   -26.08325
CHIT 05DEC29 2005.9932 53733 1355 4   91.8  -1080 -0.122397   2485326  0.255551   -26 -0.082016  0.0000 0.000940 0.000854 0.004194  0.156127 -0.094748 -0.231821  22.4653136621 -268.2104945842   -26.08202
CHIT 05DEC30 2005.9959 53734 1355 5   91.8  -1080 -0.122552   2485326  0.255683   -26 -0.077210  0.0000 0.000922 0.000846 0.004071  0.161481 -0.061777 -0.229600  22.4653136633 -268.2104945857   -26.07721
CHIT 05DEC31 2005.9986 53735 1355 6   91.8  -1080 -0.121570   2485326  0.254724   -26 -0.082614  0.0000 0.000933 0.000840 0.004100  0.172402 -0.115547 -0.225059  22.4653136547 -268.2104945762   -26.08261
CHIT 06JAN01 2006.0014 53736 1356 0   91.8  -1080 -0.122321   2485326  0.254875   -26 -0.079896  0.0000 0.000934 0.000839 0.004112  0.140877 -0.073291 -0.233188  22.4653136560 -268.2104945835   -26.07990
CHIT 06JAN02 2006.0041 53737 1356 1   91.8  -1080 -0.122301   2485326  0.256333   -26 -0.073667  0.0000 0.000941 0.000835 0.004039  0.142998 -0.115226 -0.179224  22.4653136692 -268.2104945833   -26.07367
CHIT 06JAN12 2006.0315 53747 1357 4   91.8  -1080 -0.119739   2485326  0.255536   -26 -0.072283  0.0000 0.000953 0.000857 0.004154  0.147283 -0.099344 -0.184447  22.4653136620 -268.2104945584   -26.07228
CHIT 06JAN13 2006.0342 53748 1357 5   91.8  -1080 -0.119530   2485326  0.254176   -26 -0.067454  0.0000 0.000934 0.000843 0.004102  0.149332 -0.089263 -0.206919  22.4653136497 -268.2104945564   -26.06745
CHIT 06JAN14 2006.0370 53749 1357 6   91.8  -1080 -0.122567   2485326  0.255792   -26 -0.061986  0.0000 0.000987 0.000886 0.004400  0.188537 -0.142040 -0.212041  22.4653136643 -268.2104945859   -26.06199
CHIT 06JAN15 2006.0397 53750 1358 0   91.8  -1080 -0.119688   2485326  0.254997   -26 -0.069810  0.0000 0.000957 0.000883 0.004353  0.171160 -0.069887 -0.227390  22.4653136571 -268.2104945579   -26.06981
CHIT 06MAR05 2006.1739 53799 1365 0   91.8  -1080 -0.117179   2485326  0.258808   -26 -0.060868  0.0000 0.000984 0.000858 0.004249  0.107434  0.018712 -0.194191  22.4653136916 -268.2104945335   -26.06087
CHIT 06MAR06 2006.1766 53800 1365 1   91.8  -1080 -0.115807   2485326  0.263233   -26 -0.068371  0.0000 0.000996 0.000855 0.004176  0.144192 -0.075190 -0.198445  22.4653137315 -268.2104945202   -26.06837
CHIT 06MAR07 2006.1793 53801 1365 2   91.8  -1080 -0.117173   2485326  0.261340   -26 -0.068557  0.0000 0.001013 0.000860 0.004269  0.139155 -0.070050 -0.163695  22.4653137144 -268.2104945335   -26.06856
CHIT 06MAR08 2006.1821 53802 1365 3   91.8  -1080 -0.115954   2485326  0.260306   -26 -0.064096  0.0000 0.000994 0.000866 0.004278  0.143362 -0.087111 -0.180729  22.4653137051 -268.2104945216   -26.06410
CHIT 06MAR09 2006.1848 53803 1365 4   91.8  -1080 -0.117129   2485326  0.260402   -26 -0.063832  0.0000 0.000968 0.000851 0.004209  0.114573 -0.022939 -0.191307  22.4653137060 -268.2104945330   -26.06383
CHIT 06MAR10 2006.1875 53804 1365 5   91.8  -1080 -0.118345   2485326  0.260670   -26 -0.065056  0.0000 0.000959 0.000847 0.004196  0.103524  0.001827 -0.199392  22.4653137084 -268.2104945449   -26.06506
CHIT 06MAR23 2006.2231 53817 1367 4   91.8  -1080 -0.112691   2485326  0.259792   -26 -0.058169  0.0000 0.001036 0.000881 0.004418  0.145241 -0.075637 -0.243029  22.4653137004 -268.2104944899   -26.05817
CHIT 06MAR24 2006.2259 53818 1367 5   91.8  -1080 -0.116215   2485326  0.259798   -26 -0.063059  0.0000 0.001089 0.000908 0.004513  0.207449 -0.161793 -0.207303  22.4653137005 -268.2104945242   -26.06306
CHIT 06MAR25 2006.2286 53819 1367 6   91.8  -1080 -0.112554   2485326  0.262119   -26 -0.069339  0.0000 0.001030 0.000869 0.004166  0.155572 -0.106025 -0.179356  22.4653137215 -268.2104944886   -26.06934
CHIT 06MAR26 2006.2313 53820 1368 0   91.8  -1080 -0.116187   2485326  0.262267   -26 -0.064951  0.0000 0.001018 0.000846 0.004190  0.144352 -0.121877 -0.224274  22.4653137228 -268.2104945239   -26.06495
CHIT 06MAR27 2006.2341 53821 1368 1   91.8  -1080 -0.115951   2485326  0.263773   -26 -0.075848  0.0000 0.001047 0.000881 0.004463  0.096534 -0.131574 -0.183395  22.4653137364 -268.2104945216   -26.07585
CHIT 06MAR28 2006.2368 53822 1368 2   91.8  -1080 -0.114777   2485326  0.261797   -26 -0.061058  0.0000 0.001008 0.000855 0.004238  0.115334 -0.104690 -0.198242  22.4653137186 -268.2104945102   -26.06106
CHIT 06MAY25 2006.3956 53880 1376 4   91.8  -1080 -0.109650   2485326  0.268295   -26 -0.054540  0.0000 0.000969 0.000909 0.004115  0.146750  0.009857 -0.159534  22.4653137772 -268.2104944604   -26.05454
CHIT 06MAY26 2006.3984 53881 1376 5   91.8  -1080 -0.108308   2485326  0.266968   -26 -0.057334  0.0000 0.001054 0.000976 0.004661  0.062238 -0.006328 -0.112089  22.4653137652 -268.2104944473   -26.05733
CHIT 06MAY27 2006.4011 53882 1376 6   91.8  -1080 -0.108687   2485326  0.267423   -26 -0.048472  0.0000 0.001039 0.000923 0.004409  0.114717 -0.054145 -0.156687  22.4653137694 -268.2104944510   -26.04847
CHIT 06MAY28 2006.4038 53883 1377 0   91.8  -1080 -0.110664   2485326  0.264610   -26 -0.052604  0.0000 0.001099 0.000956 0.004598  0.175585 -0.084396 -0.113450  22.4653137440 -268.2104944702   -26.05260
CHIT 06MAY29 2006.4066 53884 1377 1   91.8  -1080 -0.107174   2485326  0.266667   -26 -0.036504  0.0000 0.001086 0.000979 0.004834  0.128232 -0.117190 -0.161937  22.4653137625 -268.2104944363   -26.03650
CHIT 06MAY30 2006.4093 53885 1377 2   91.8  -1080 -0.107414   2485326  0.266725   -26 -0.067925  0.0000 0.001081 0.000949 0.004499  0.160736 -0.092276 -0.101590  22.4653137631 -268.2104944387   -26.06793
CHIT 07DEC28 2007.9890 54462 1459 5   91.8  -1080 -0.040619   2485326  0.322273   -26 -0.073144  0.0000 0.001177 0.001060 0.005585  0.136960 -0.113976 -0.286595  22.4653142647 -268.2104937897   -26.07314
CHIT 07DEC29 2007.9918 54463 1459 6   91.8  -1080 -0.042498   2485326  0.326050   -26 -0.075006  0.0000 0.001759 0.001505 0.008140  0.185251 -0.062357 -0.245439  22.4653142988 -268.2104938080   -26.07501
CHIT 07DEC30 2007.9945 54464 1460 0   91.8  -1080 -0.042289   2485326  0.324172   -26 -0.078931  0.0000 0.001437 0.001279 0.007173  0.113820 -0.127867 -0.314569  22.4653142818 -268.2104938059   -26.07893
CHIT 07DEC31 2007.9973 54465 1460 1   91.8  -1080 -0.043087   2485326  0.319226   -26 -0.050683  0.0000 0.002581 0.002034 0.012158  0.031618 -0.142621 -0.329835  22.4653142372 -268.2104938137   -26.05068
CHIT 08JAN01 2008.0000 54466 1460 2   91.8  -1080 -0.042481   2485326  0.325246   -26 -0.059665  0.0000 0.001462 0.001362 0.007151  0.113012  0.006161 -0.202947  22.4653142915 -268.2104938078   -26.05967
CHIT 08JAN02 2008.0027 54467 1460 3   91.8  -1080 -0.041153   2485326  0.324684   -26 -0.075905  0.0000 0.001338 0.001186 0.006599  0.051651 -0.079999 -0.269672  22.4653142864 -268.2104937949   -26.07591
CHIT 08JAN18 2008.0465 54483 1462 5   91.8  -1080 -0.041617   2485326  0.327509   -26 -0.079387  0.0000 0.001312 0.001100 0.005683  0.176067 -0.031388 -0.178168  22.4653143120 -268.2104937994   -26.07939
CHIT 08JAN19 2008.0493 54484 1462 6   91.8  -1080 -0.037024   2485326  0.327709   -26 -0.073325  0.0000 0.001187 0.000987 0.005034  0.185215 -0.073924 -0.227438  22.4653143138 -268.2104937548   -26.07332
CHIT 08JAN20 2008.0520 54485 1463 0   91.8  -1080 -0.038682   2485326  0.329634   -26 -0.077811  0.0000 0.001180 0.001039 0.005263  0.075115  0.021422 -0.193160  22.4653143312 -268.2104937709   -26.07781
CHIT 08JAN21 2008.0548 54486 1463 1   91.8  -1080 -0.039005   2485326  0.327044   -26 -0.073338  0.0000 0.001227 0.001039 0.005350  0.178119 -0.057824 -0.222860  22.4653143078 -268.2104937740   -26.07334
CHIT 08JAN22 2008.0575 54487 1463 2   91.8  -1080 -0.039647   2485326  0.326121   -26 -0.086911  0.0000 0.001241 0.001017 0.005408  0.206759 -0.212161 -0.271831  22.4653142994 -268.2104937803   -26.08691
CHIT 08JAN23 2008.0602 54488 1463 3   91.8  -1080 -0.036174   2485326  0.326480   -26 -0.076439  0.0000 0.001281 0.001100 0.006038  0.104442 -0.047467 -0.280590  22.4653143027 -268.2104937465   -26.07644
CHIT 08JAN24 2008.0630 54489 1463 4   91.8  -1080 -0.040535   2485326  0.326271   -26 -0.068975  0.0000 0.001191 0.001043 0.005521  0.152057 -0.072335 -0.302727  22.4653143008 -268.2104937889   -26.06897
CHIT 08JAN25 2008.0657 54490 1463 5   91.8  -1080 -0.038702   2485326  0.325177   -26 -0.059319  0.0000 0.001133 0.000961 0.004961  0.134703 -0.053004 -0.256782  22.4653142909 -268.2104937711   -26.05932
CHIT 08JAN26 2008.0684 54491 1463 6   91.8  -1080 -0.040659   2485326  0.324916   -26 -0.079389  0.0000 0.001123 0.000969 0.005133  0.155301 -0.159995 -0.300180  22.4653142885 -268.2104937901   -26.07939
CHIT 08JAN27 2008.0712 54492 1464 0   91.8  -1080 -0.041947   2485326  0.325221   -26 -0.090676  0.0000 0.001120 0.000979 0.004956  0.166003 -0.128753 -0.235363  22.4653142913 -268.2104938026   -26.09068
CHIT 08JAN28 2008.0739 54493 1464 1   91.8  -1080 -0.041247   2485326  0.326728   -26 -0.087821  0.0000 0.001093 0.000956 0.004815  0.196902 -0.071797 -0.249401  22.4653143049 -268.2104937958   -26.08782
CHIT 08JAN30 2008.0794 54495 1464 3   91.8  -1080 -0.039788   2485326  0.326620   -26 -0.070945  0.0000 0.001097 0.001014 0.005254  0.127195 -0.053413 -0.284151  22.4653143039 -268.2104937816   -26.07094
CHIT 08JAN31 2008.0821 54496 1464 4   91.8  -1080 -0.039612   2485326  0.327464   -26 -0.065886  0.0000 0.001187 0.001051 0.005261  0.134688 -0.006708 -0.204478  22.4653143116 -268.2104937799   -26.06589
CHIT 08FEB01 2008.0849 54497 1464 5   91.8  -1080 -0.038029   2485326  0.326409   -26 -0.075196  0.0000 0.001149 0.001055 0.005145  0.139497 -0.006182 -0.166296  22.4653143020 -268.2104937645   -26.07520
CHIT 08FEB02 2008.0876 54498 1464 6   91.8  -1080 -0.038353   2485326  0.327904   -26 -0.082321  0.0000 0.001180 0.001000 0.005116  0.133153 -0.046229 -0.182875  22.4653143155 -268.2104937677   -26.08232
CHIT 08FEB06 2008.0986 54502 1465 3   91.8  -1080 -0.037055   2485326  0.330104   -26 -0.068877  0.0000 0.001308 0.001178 0.006246  0.170720 -0.182362 -0.195272  22.4653143354 -268.2104937551   -26.06888
CHIT 08FEB07 2008.1013 54503 1465 4   91.8  -1080 -0.037199   2485326  0.329143   -26 -0.083217  0.0000 0.001274 0.001056 0.005534  0.174173 -0.112299 -0.219624  22.4653143267 -268.2104937565   -26.08322
CHIT 08FEB08 2008.1040 54504 1465 5   91.8  -1080 -0.038104   2485326  0.331043   -26 -0.077648  0.0000 0.001182 0.001039 0.005467  0.110043 -0.090982 -0.277039  22.4653143439 -268.2104937653   -26.07765
CHIT 08FEB09 2008.1068 54505 1465 6   91.8  -1080 -0.038603   2485326  0.328483   -26 -0.070479  0.0000 0.001157 0.000983 0.005094  0.088405 -0.065023 -0.223103  22.4653143208 -268.2104937701   -26.07048
CHIT 08FEB10 2008.1095 54506 1466 0   91.8  -1080 -0.040080   2485326  0.330184   -26 -0.076860  0.0000 0.001193 0.001022 0.005475  0.151732 -0.124356 -0.304147  22.4653143361 -268.2104937845   -26.07686
CHIT 08FEB11 2008.1123 54507 1466 1   91.8  -1080 -0.041498   2485326  0.331081   -26 -0.067143  0.0000 0.001210 0.001040 0.005381  0.146945 -0.130568 -0.188038  22.4653143442 -268.2104937982   -26.06714
CHIT 08FEB12 2008.1150 54508 1466 2   91.8  -1080 -0.037802   2485326  0.330706   -26 -0.085854  0.0000 0.001170 0.001032 0.005400  0.088867  0.012990 -0.296992  22.4653143408 -268.2104937623   -26.08585
CHIT 08FEB13 2008.1177 54509 1466 3   91.8  -1080 -0.035717   2485326  0.329163   -26 -0.068833  0.0000 0.001186 0.001079 0.005440  0.100993  0.005356 -0.237870  22.4653143269 -268.2104937421   -26.06883
CHIT 08FEB14 2008.1205 54510 1466 4   91.8  -1080 -0.037256   2485326  0.329397   -26 -0.072022  0.0000 0.001160 0.001010 0.005136  0.132087  0.013150 -0.195539  22.4653143290 -268.2104937570   -26.07202
CHIT 08FEB15 2008.1232 54511 1466 5   91.8  -1080 -0.039824   2485326  0.326825   -26 -0.073859  0.0000 0.001227 0.001091 0.005755  0.086794 -0.091823 -0.231827  22.4653143058 -268.2104937820   -26.07386
CHIT 08FEB16 2008.1259 54512 1466 6   91.8  -1080 -0.036266   2485326  0.329684   -26 -0.073009  0.0000 0.001334 0.001136 0.006154  0.121424 -0.163304 -0.187185  22.4653143316 -268.2104937474   -26.07301
CHIT 08FEB17 2008.1287 54513 1467 0   91.8  -1080 -0.036044   2485326  0.330592   -26 -0.075458  0.0000 0.001268 0.001104 0.005857  0.156573 -0.129746 -0.258385  22.4653143398 -268.2104937453   -26.07546
CHIT 08FEB18 2008.1314 54514 1467 1   91.8  -1080 -0.036380   2485326  0.332705   -26 -0.074732  0.0000 0.001220 0.001063 0.005698  0.108114 -0.071621 -0.295992  22.4653143589 -268.2104937485   -26.07473
CHIT 08FEB19 2008.1342 54515 1467 2   91.8  -1080 -0.037740   2485326  0.328235   -26 -0.060908  0.0000 0.001242 0.001116 0.006024  0.151987 -0.222012 -0.336641  22.4653143185 -268.2104937617   -26.06091
CHIT 08FEB20 2008.1369 54516 1467 3   91.8  -1080 -0.035513   2485326  0.329644   -26 -0.062108  0.0000 0.001246 0.001129 0.005806  0.135555 -0.100146 -0.173784  22.4653143312 -268.2104937401   -26.06211
CHIT 08FEB21 2008.1396 54517 1467 4   91.8  -1080 -0.038922   2485326  0.328749   -26 -0.056658  0.0000 0.001372 0.001155 0.006191  0.116866 -0.103790 -0.215465  22.4653143232 -268.2104937732   -26.05666
CHIT 08FEB22 2008.1424 54518 1467 5   91.8  -1080 -0.040613   2485326  0.330912   -26 -0.069370  0.0000 0.001299 0.001063 0.005718  0.107098 -0.121060 -0.192626  22.4653143427 -268.2104937896   -26.06937
CHIT 08FEB23 2008.1451 54519 1467 6   91.8  -1080 -0.036977   2485326  0.334397   -26 -0.075509  0.0000 0.001542 0.001370 0.007058  0.137799 -0.077451 -0.230920  22.4653143742 -268.2104937543   -26.07551
CHIT 08FEB24 2008.1478 54520 1468 0   91.8  -1080 -0.036693   2485326  0.330299   -26 -0.068465  0.0000 0.001571 0.001432 0.008107  0.075676 -0.062023 -0.328956  22.4653143372 -268.2104937516   -26.06847
CHIT 08FEB25 2008.1506 54521 1468 1   91.8  -1080 -0.034447   2485326  0.329881   -26 -0.072035  0.0000 0.001500 0.001257 0.006736  0.018354  0.128305 -0.272798  22.4653143334 -268.2104937297   -26.07203
CHIT 08FEB26 2008.1533 54522 1468 2   91.8  -1080 -0.030592   2485326  0.333214   -26 -0.094298  0.0000 0.001923 0.001432 0.007718  0.248857 -0.255509 -0.290076  22.4653143635 -268.2104936923   -26.09430
CHIT 08FEB27 2008.1561 54523 1468 3   91.8  -1080 -0.036414   2485326  0.331764   -26 -0.055887  0.0000 0.001346 0.001176 0.006248  0.126346 -0.132830 -0.271104  22.4653143504 -268.2104937489   -26.05589
CHIT 08FEB28 2008.1588 54524 1468 4   91.8  -1080 -0.037929   2485326  0.329838   -26 -0.065508  0.0000 0.001389 0.001196 0.006257  0.136802 -0.060724 -0.132012  22.4653143330 -268.2104937636   -26.06551
CHIT 08FEB29 2008.1615 54525 1468 5   91.8  -1080 -0.036171   2485326  0.330284   -26 -0.065190  0.0000 0.001358 0.001104 0.005807  0.154412 -0.104008 -0.167045  22.4653143370 -268.2104937465   -26.06519
CHIT 08MAR01 2008.1643 54526 1468 6   91.8  -1080 -0.035453   2485326  0.334234   -26 -0.054339  0.0000 0.001400 0.001179 0.006241  0.084397 -0.090809 -0.162761  22.4653143727 -268.2104937395   -26.05434
CHIT 08MAR02 2008.1670 54527 1469 0   91.8  -1080 -0.033274   2485326  0.332595   -26 -0.069309  0.0000 0.001443 0.001233 0.006636  0.073271 -0.077242 -0.217622  22.4653143579 -268.2104937183   -26.06931
CHIT 08MAR03 2008.1697 54528 1469 1   91.8  -1080 -0.037151   2485326  0.330978   -26 -0.062977  0.0000 0.001485 0.001249 0.006732  0.116094 -0.196331 -0.187305  22.4653143433 -268.2104937560   -26.06298
CHIT 08MAR04 2008.1725 54529 1469 2   91.8  -1080 -0.035876   2485326  0.333326   -26 -0.072712  0.0000 0.001608 0.001315 0.006905  0.174269 -0.158360 -0.091833  22.4653143645 -268.2104937436   -26.07271
CHIT 08MAR05 2008.1752 54530 1469 3   91.8  -1080 -0.034650   2485326  0.332491   -26 -0.079613  0.0000 0.001444 0.001219 0.006650  0.064067 -0.011604 -0.199905  22.4653143570 -268.2104937317   -26.07961
CHIT 08MAR06 2008.1780 54531 1469 4   91.8  -1080 -0.031877   2485326  0.331019   -26 -0.075289  0.0000 0.001849 0.001606 0.009166  0.168201 -0.191130 -0.377660  22.4653143437 -268.2104937048   -26.07529
CHIT 08MAR09 2008.1862 54534 1470 0   91.8  -1080 -0.040576   2485326  0.331787   -26 -0.040125  0.0000 0.002052 0.001837 0.009214  0.127511 -0.063867 -0.227780  22.4653143506 -268.2104937893   -26.04013
CHIT 09APR23 2009.3087 54944 1528 4   91.8  -1080  0.010821   2485326  0.366370   -26 -0.041248  0.0000 0.001448 0.001264 0.006773  0.096277  0.010078 -0.114729  22.4653146629 -268.2104932899   -26.04125
CHIT 09JUL30 2009.5770 55042 1542 4   91.8  -1080  0.023156   2485326  0.375285   -26 -0.087288  0.0000 0.001199 0.001038 0.006021  0.065880  0.021784 -0.378002  22.4653147434 -268.2104931701   -26.08729
CHIT 09JUL31 2009.5797 55043 1542 5   91.8  -1080  0.021950   2485326  0.375218   -26 -0.074246  0.0000 0.001151 0.001026 0.005716  0.108796 -0.028499 -0.345351  22.4653147428 -268.2104931818   -26.07425
CHIT 09AUG01 2009.5825 55044 1542 6   91.8  -1080  0.026730   2485326  0.378277   -26 -0.073787  0.0000 0.001329 0.001182 0.006858  0.045868  0.104357 -0.445071  22.4653147704 -268.2104931354   -26.07379
CHIT 09AUG02 2009.5852 55045 1543 0   91.8  -1080  0.027345   2485326  0.373641   -26 -0.066827  0.0000 0.001547 0.001271 0.007523  0.112004 -0.003334 -0.433880  22.4653147286 -268.2104931294   -26.06683
CHIT 09AUG03 2009.5880 55046 1543 1   91.8  -1080  0.026332   2485326  0.379146   -26 -0.065895  0.0000 0.001171 0.001038 0.005659  0.104495 -0.030431 -0.327743  22.4653147783 -268.2104931392   -26.06590
CHIT 09AUG04 2009.5907 55047 1543 2   91.8  -1080  0.022562   2485326  0.379612   -26 -0.079797  0.0000 0.001243 0.001086 0.006002  0.019278 -0.020616 -0.307019  22.4653147825 -268.2104931759   -26.07980
CHIT 09AUG07 2009.5989 55050 1543 5   91.8  -1080  0.025385   2485326  0.376298   -26 -0.072703  0.0000 0.001405 0.001325 0.007378  0.105158  0.030335 -0.361540  22.4653147525 -268.2104931484   -26.07270
CHIT 09AUG08 2009.6016 55051 1543 6   91.8  -1080  0.020237   2485326  0.374476   -26 -0.065586  0.0000 0.001523 0.001362 0.007677  0.150948  0.002912 -0.258790  22.4653147361 -268.2104931985   -26.06559
CHIT 09AUG09 2009.6044 55052 1544 0   91.8  -1080  0.024807   2485326  0.379730   -26 -0.093403  0.0000 0.002828 0.002468 0.012976  0.103577  0.020551 -0.228270  22.4653147835 -268.2104931541   -26.09340
CHIT 09AUG22 2009.6400 55065 1545 6   91.8  -1080  0.026828   2485326  0.379765   -26 -0.098627  0.0000 0.001422 0.001361 0.007713  0.014522 -0.048858 -0.361205  22.4653147839 -268.2104931344   -26.09863
CHIT 09SEP06 2009.6810 55080 1548 0   91.8  -1080  0.027707   2485326  0.380633   -26 -0.091104  0.0000 0.001175 0.001091 0.006074  0.079675 -0.098666 -0.331640  22.4653147917 -268.2104931259   -26.09110
CHIT 09SEP07 2009.6838 55081 1548 1   91.8  -1080  0.023421   2485326  0.380954   -26 -0.086335  0.0000 0.001184 0.001038 0.006038  0.037549  0.000720 -0.370486  22.4653147946 -268.2104931675   -26.08633
CHIT 09SEP08 2009.6865 55082 1548 2   91.8  -1080  0.028710   2485326  0.378461   -26 -0.093091  0.0000 0.001106 0.001005 0.005496  0.094700  0.000794 -0.366384  22.4653147721 -268.2104931161   -26.09309
CHIT 09SEP09 2009.6893 55083 1548 3   91.8  -1080  0.024659   2485326  0.381981   -26 -0.083566  0.0000 0.001154 0.001125 0.006174  0.067569 -0.015134 -0.371405  22.4653148039 -268.2104931555   -26.08357
CHIT 09SEP10 2009.6920 55084 1548 4   91.8  -1080  0.029258   2485326  0.385550   -26 -0.099260  0.0000 0.001166 0.001072 0.005947  0.096106 -0.046806 -0.377203  22.4653148361 -268.2104931108   -26.09926
CHIT 09SEP11 2009.6947 55085 1548 5   91.8  -1080  0.026892   2485326  0.382459   -26 -0.103681  0.0000 0.001158 0.001062 0.005901  0.086570 -0.060902 -0.358930  22.4653148082 -268.2104931338   -26.10368
CHIT 09SEP12 2009.6975 55086 1548 6   91.8  -1080  0.026378   2485326  0.383201   -26 -0.106339  0.0000 0.001120 0.001009 0.005357  0.069021 -0.038729 -0.282451  22.4653148149 -268.2104931388   -26.10634
